	
	
	
	
	
	
	
6047	1
6048	1
6049	1
6050	1
6051	1
6052	1
6053	1
6054	1
6055	1
6056	1
6057	
6200	2
6213	8
6214	8
6216	8
6217	8
6222	8
6223	8
6224	8
6225	8
6226	8
6238	9
6239	9
6241	9
6246	9
6247	9
6248	9
6249	9
6250	9
6251	9
6252	9
6253	9
6254	9
6255	9
6256	9
6257	9
6258	9
6259	9
6260	9
6261	9
6262	9
6263	9
6264	9
6270	9
6271	9
6272	9
6273	9
6274	9
6275	9
6276	9
6277	9
6278	9
6279	9
6280	9
6281	9
6282	9
6283	9
6284	9
6285	9
6286	9
6287	9
6288	9
6289	9
6290	9
6291	9
6292	9
6293	9
6294	9
6295	9
6296	9
6297	9
6298	9
6299	9
6300	9
6301	9
6302	9
6304	9
6629	12
6631	12
6633	12
6636	12
6638	12
6640	12
6642	12
6643	12
6644	12
6656	12
6657	12
6658	12
6659	12
6660	12
6661	12
6662	13
6663	13
6664	13
6667	13
6668	13
6669	13
6670	13
6671	13
6672	13
6673	13
6674	13
6675	13
6676	13
6677	13
6678	14
6682	14
6684	14
6685	14
6687	14
6689	14
6690	14
6691	14
6692	14
6693	14
6694	15
6695	15
6697	15
6698	15
6699	15
6701	15
6702	15
6703	15
6704	15
6705	15
6706	15
6707	15
6708	15
6709	15
6710	15
6730	16
6731	16
6732	16
6733	16
6734	16
6735	16
6736	16
6737	16
6738	16
6739	16
6740	16
6741	16
6742	16
6743	16
6744	16
6745	16
6746	16
6747	16
6748	16
6749	16
6750	16
6751	16
6752	16
6753	17
6754	17
6755	17
6756	17
6757	17
6758	17
6759	17
6760	17
6761	17
6762	17
6763	17
6764	17
6765	17
6766	17
6767	17
6768	17
6769	17
6770	17
6771	17
6772	17
6773	17
6774	17
6775	17
6776	17
6777	17
6803	18
6804	18
6805	18
6806	18
6807	18
6808	18
6816	18
6817	18
6818	18
6819	18
6820	18
6821	18
6822	18
6823	18
6824	18
6825	18
6827	18
6828	20
6829	20
6830	20
6831	20
6832	20
6833	20
6834	20
6836	20
6837	20
6838	20
6839	20
6840	20
6841	20
6842	20
6843	20
6844	20
6845	20
6846	20
6848	20
7120	22
7122	22
7123	22
7125	22
7126	22
7127	22
7129	22
7131	22
7132	22
7134	22
7136	22
7149	22
7150	22
7152	22
7154	22
7155	22
7155	23
7157	23
7159	23
7161	23
7163	23
7164	23
7165	23
7166	23
7167	23
7169	23
7170	24
7172	24
7174	24
7176	24
7177	25
7179	25
7181	25
7182	26
7183	26
7185	26
7187	26
7188	27
7190	27
7192	27
7193	27
7195	27
7197	27
7199	27
7201	28
7203	28
7205	28
7207	28
7208	28
7647	29
7649	29
7651	29
7653	29
7655	29
7657	29
7659	29
7660	29
7663	29
7665	29
7667	29
7669	29
7671	29
7673	29
7675	29
7677	29
7679	29
7682	29
7684	29
7686	29
7688	29
7690	29
7692	29
7694	29
7696	29
7698	29
7700	29
7702	29
7704	29
7706	29
7708	29
7710	29
7712	29
7714	29
7716	29
7718	29
7720	29
7722	29
7725	29
7726	30
7729	30
7732	30
7735	30
7736	30
7739	30
7741	30
7743	30
7745	30
7747	30
7749	30
7751	30
7753	30
7755	30
7759	30
7762	30
7764	30
7767	30
7769	30
7771	30
7788	30
7790	30
7792	30
7794	30
7796	30
7798	30
7800	30
7802	30
7804	30
7806	30
7810	30
7812	30
7814	30
7816	30
7818	30
7820	30
7821	30
7823	30
7825	30
7827	30
7829	30
7831	30
7833	30
7835	31
7837	31
7839	31
7841	31
7843	31
7845	31
7847	31
7848	31
7850	31
7852	31
7854	31
7856	31
7857	31
7859	31
7861	31
7863	31
7865	31
7867	31
7869	31
7871	31
7873	31
7875	31
7877	31
7881	32
7883	32
7885	32
7887	32
7889	32
7890	32
7891	32
7893	32
7895	32
7897	32
7899	32
7901	32
7903	32
7905	32
7907	32
7908	32
7909	32
7911	32
7913	32
7915	32
7917	32
7919	32
7921	32
7923	32
7925	32
7927	32
7929	32
7931	32
7933	32
7935	32
7937	32
7939	32
7941	32
7942	32
7943	32
7945	32
7947	32
7949	32
7951	32
7953	32
8028	34
8029	34
8031	34
8032	34
8033	34
8034	34
8035	34
8036	34
8037	34
8038	34
8039	34
8040	34
8041	34
8042	34
8044	34
8046	34
8047	34
8049	34
8051	34
8053	34
8055	34
8057	34
8059	34
8061	34
8063	34
8064	34
8065	34
8066	34
8082	34
8083	34
8085	34
8087	34
8089	34
8090	34
8092	34
8094	34
8096	34
8098	34
8100	34
8101	34
8102	34
8104	34
9468	38
9470	38
9472	38
9473	38
9475	38
9477	38
9479	38
9481	38
9483	38
9485	38
9487	38
9505	39
9507	39
9509	39
9511	39
9512	39
9514	39
9516	39
9519	39
9521	39
9523	39
9525	39
9527	39
9529	39
9531	39
9533	39
9534	39
9536	39
9538	39
9540	40
9541	40
9542	40
9544	40
9546	40
9548	40
9550	40
9552	40
9554	40
9556	40
9558	40
9560	40
9561	40
9563	41
9565	41
9567	41
9569	41
9571	41
9573	41
9575	41
9577	41
9579	41
9586	41
9588	41
9590	41
9592	41
9594	41
9596	41
9598	41
9600	41
9602	41
9604	41
9606	41
9608	41
9610	41
9612	41
9614	41
9615	41
9616	41
9617	41
9618	41
9619	41
9620	41
9621	41
9622	41
9630	42
9632	42
9634	42
9635	42
9637	42
9639	42
9641	42
9643	42
9645	42
9647	42
9649	42
9650	42
9652	43
9654	43
9655	43
9657	43
9659	43
9661	43
9662	43
9663	43
9665	43
9666	43
9668	43
9670	43
9672	43
9674	43
9675	43
9677	43
9679	43
9681	43
9683	43
9689	43
10393	44
10395	44
10397	44
10399	44
10401	44
10402	45
10404	45
10406	45
10408	45
10410	45
10412	45
10413	45
10415	45
10417	
10418	45
10420	45
10424	45
10425	45
10427	45
10429	45
10430	45
10432	45
10434	45
10439	45
10441	45
10442	45
10443	45
10445	46
10447	46
10448	46
10449	46
10451	46
10453	46
10455	46
10456	47
10458	47
10460	47
10462	47
10463	48
10465	48
10467	48
10469	48
10471	48
10473	49
10475	49
10477	49
10479	49
10481	49
10483	49
10484	49
10486	49
10488	49
10490	49
10492	49
10493	49
10494	49
10495	50
10497	50
10499	50
10501	50
10503	50
10505	50
10507	50
10508	
10509	51
10511	51
10513	51
10515	51
10517	51
10520	51
10522	51
10524	51
10526	52
10528	52
10530	52
10532	52
